test_data/TRITON_SWMM_test_model/dem/elevation.dem
ncols         551
nrows         537
xllcorner     3696703.8335999995
yllcorner     1059876.9668000012
cellsize      3.5
NODATA_value  -9999
[rows 400 to 424 of 537, columns 57 to 113 of 551]
1.19503000 1.26245000 1.27946000 1.25371000 1.21840000 1.22165000 1.23939000 1.25028000 1.28140000 1.31287000 1.37220000 1.18055000 0.98122000 0.99781000 1.05142000 1.08955000 1.08526000 1.01650000 0.92960000 0.81505000 0.72417000 0.72636000 0.78431000 0.88469000 0.90823000 0.79627000 0.90106000 1.05065000 1.17710000 1.21213000 1.16694000 1.16851000 1.17661000 1.18140000 1.18702000 1.20752000 1.20865000 1.22711000 1.24430000 1.25690000 1.25763000 1.26343000 1.29958000 1.36940000 1.24599000 1.03339000 1.08288000 1.08863000 18.1251400 80.0000000 80.0000000 80.0000000 80.0000000 80.0000000 80.0000000 80.0000000 80.0000000
1.19095000 1.25150000 1.27339000 1.26370000 1.25342000 1.26094000 1.26582000 1.25754000 1.26132000 1.30971000 1.62531000 1.54395000 1.13511000 0.94358000 0.85111000 0.89399000 0.94174000 0.97021000 0.96143000 0.90117000 0.81774000 0.81995000 0.88920000 0.91802000 0.93819000 0.81800000 0.89086000 1.03360000 1.09969000 1.22422000 1.21298000 1.07600000 1.07493000 1.10772000 1.16319000 1.15396000 1.16422000 1.18212000 1.20662000 1.21948000 1.23476000 1.26875000 1.34649000 1.35745000 1.12833000 1.00982000 1.03901000 1.07527000 24.5949200 80.0000000 80.0000000 80.0000000 80.0000000 80.0000000 80.0000000 80.0000000 80.0000000
1.22141000 1.23349000 1.26531000 1.27529000 1.27900000 1.28071000 1.26708000 1.24906000 1.25087000 1.27480000 1.47328000 1.44301000 1.07153000 0.92342000 0.80389000 0.74721000 0.76448000 0.78994000 0.86554000 0.88948000 0.91151000 0.94807000 0.93952000 0.92356000 0.94411000 0.89605000 0.88160000 1.01203000 1.03201000 1.08889000 1.03330000 1.00148000 0.98400000 1.05820000 1.13992000 1.13834000 1.18610000 1.18993000 1.18688000 1.22344000 1.20934000 1.23837000 1.28543000 1.25335000 1.06952000 0.99478000 1.03035000 1.04247000 38.3281600 79.2832700 79.2835400 79.7156200 80.0000000 80.0000000 80.0000000 80.0000000 80.0000000
1.22307000 1.24594000 1.25073000 1.27633000 1.26871000 1.27127000 1.25143000 1.25444000 1.24512000 1.19978000 1.30748000 1.36467000 1.04122000 0.91700000 0.81087000 0.76212000 0.74363000 0.71144000 0.67442000 0.73925000 0.81131000 0.88977000 0.92322000 0.92994000 1.00182000 1.00766000 0.92816000 0.91340000 0.92913000 0.95339000 0.92293000 0.90723000 0.90358000 0.94225000 0.95536000 0.98659000 1.00689000 1.00893000 1.01781000 1.01426000 1.01126000 0.99071000 1.03778000 1.01653000 0.98603000 0.97550000 1.01625000 1.01528000 1.14181000 1.19234000 1.22177000 13.2083900 21.1766000 21.1843800 21.2018000 21.1567400 21.1961600
1.19660000 1.22599000 1.24213000 1.24281000 1.21559000 1.20253000 1.19530000 1.21472000 1.22619000 1.22745000 1.33165000 1.37681000 0.98001000 0.87658000 0.80678000 0.78397000 0.76207000 0.70774000 0.63125000 0.63905000 0.68708000 0.76388000 0.84324000 0.90124000 0.98078000 0.99986000 0.97254000 0.98476000 0.99049000 1.01989000 1.02807000 1.04347000 1.03365000 1.02821000 1.02105000 1.02879000 1.03733000 0.99953000 0.99299000 0.98123000 0.97825000 1.02203000 1.10080000 1.04512000 0.99526000 0.99335000 1.00521000 1.00006000 1.14261000 1.17426000 1.15844000 1.16719000 1.20561000 1.23285000 1.24152000 1.24460000 1.24319000
1.15315000 1.18860000 1.22663000 1.22431000 1.16199000 1.10053000 1.12580000 1.16983000 1.19743000 1.19295000 1.30847000 1.32365000 0.92096000 0.87030000 0.83154000 0.80132000 0.76276000 0.72949000 0.66383000 0.67789000 0.76562000 0.78656000 0.79888000 0.89208000 0.96109000 0.97722000 0.94040000 0.95610000 0.97896000 1.01178000 1.04391000 1.07785000 1.11281000 1.11348000 1.12332000 1.13608000 1.12229000 1.11662000 1.09796000 1.09444000 1.09089000 1.09490000 1.13439000 1.08697000 1.06507000 1.05023000 1.04664000 1.04466000 1.07638000 1.09563000 1.07554000 1.07625000 1.09933000 1.12702000 12.1278400 1.12783000 1.13957000
1.08620000 1.13814000 1.16248000 1.15848000 1.12816000 1.07495000 1.08552000 1.12555000 1.15501000 1.14302000 1.07202000 1.04785000 0.93432000 0.91083000 0.86267000 0.83378000 0.81341000 0.74368000 0.71001000 0.73468000 0.79398000 0.82560000 0.87549000 0.90399000 0.98852000 1.00989000 0.89271000 0.81297000 0.82433000 0.86606000 0.90322000 0.92727000 0.97253000 1.00365000 1.04455000 1.07228000 1.08953000 1.08988000 1.08785000 1.08768000 1.08100000 1.06420000 1.06004000 1.05965000 1.04250000 1.05240000 1.03180000 1.02995000 1.03051000 1.03380000 1.04378000 1.05848000 1.06926000 16.8400900 57.1000800 4.37597000 1.06475000
1.06749000 1.10412000 1.12691000 1.11779000 1.09408000 1.05734000 1.06480000 1.09586000 1.11444000 1.06929000 0.98886000 0.92004000 0.94303000 0.94074000 0.90807000 0.88838000 0.88308000 0.81495000 0.76580000 0.78677000 0.84433000 0.83045000 0.90192000 0.85986000 0.97959000 1.02601000 0.86282000 0.87089000 0.90835000 0.92999000 0.94421000 0.97245000 0.98529000 0.96108000 1.01591000 1.04949000 1.02308000 0.99351000 0.97604000 1.02360000 1.06209000 1.03813000 1.04501000 0.97303000 0.96020000 0.95173000 0.95982000 0.92429000 0.91089000 0.94365000 0.96888000 0.97161000 0.96372000 0.97586000 0.97892000 0.98248000 1.01607000
1.08552000 1.09892000 1.11514000 1.09344000 1.06532000 1.03448000 1.00310000 1.06635000 1.08332000 1.03919000 0.97194000 0.92031000 0.92455000 0.98121000 0.97233000 0.96097000 0.95324000 0.90914000 0.85499000 0.84903000 0.85952000 0.85360000 0.88452000 0.84626000 0.96980000 1.01823000 0.86606000 0.92118000 1.00133000 1.09953000 1.06175000 1.07080000 1.08797000 1.05009000 1.07325000 1.13861000 1.17853000 1.13547000 1.10080000 1.21119000 1.28028000 1.38614000 1.38457000 1.27693000 1.19371000 1.13381000 1.06988000 1.07115000 1.00491000 1.01062000 1.07287000 1.06549000 1.04638000 1.04802000 1.03720000 1.04401000 1.07635000
1.09637000 1.11251000 1.10611000 1.09434000 1.07659000 1.06640000 1.05313000 1.05372000 1.06719000 1.04998000 0.97186000 0.93369000 0.93983000 1.00318000 1.04043000 1.03966000 1.03023000 0.98492000 0.94574000 0.92079000 0.90519000 0.90427000 0.92364000 0.88212000 0.97385000 1.04367000 0.90864000 0.95976000 1.09970000 1.08654000 1.06327000 1.08774000 1.10247000 1.04741000 1.05337000 1.15274000 1.27603000 1.26378000 1.24370000 1.67475000 2.16182000 2.14654000 2.10565000 2.04993000 1.99035000 1.88667000 1.53156000 1.71342000 1.62111000 1.58663000 1.55280000 1.41505000 1.43062000 1.38705000 1.29321000 1.24148000 1.22309000
1.14373000 1.13531000 1.14733000 1.10045000 1.08297000 1.09584000 1.09662000 1.03346000 1.04771000 1.04716000 0.97059000 0.93816000 0.94935000 1.04672000 1.07799000 1.08959000 1.09369000 1.05093000 0.99693000 0.96724000 0.96613000 0.95610000 0.96710000 0.94021000 0.99093000 1.10090000 0.99300000 1.02361000 1.09777000 1.03409000 1.02903000 1.12033000 1.17120000 1.08344000 1.04925000 1.16383000 1.37155000 1.35093000 1.34419000 1.71290000 2.15618000 2.15479000 2.09092000 2.06646000 2.02638000 1.83999000 1.59236000 1.66856000 1.62899000 1.58408000 1.57964000 1.52660000 1.49430000 1.48098000 1.33303000 1.32233000 1.39152000
1.20317000 1.22617000 1.21790000 1.20289000 1.20257000 1.16491000 1.10262000 1.02486000 1.03806000 1.07051000 1.00514000 0.97040000 0.97278000 1.07812000 1.12064000 1.12563000 1.13394000 1.09618000 1.03962000 1.02238000 0.99477000 0.99057000 1.00297000 0.94471000 1.00262000 1.12694000 1.08005000 1.02637000 1.13537000 1.08591000 1.07809000 1.17278000 1.24564000 1.17829000 1.13465000 1.24031000 1.42729000 1.43637000 1.42741000 1.65496000 2.14514000 2.16118000 2.13468000 2.10578000 2.04757000 1.80239000 1.70581000 1.65798000 1.58747000 1.56639000 1.55260000 1.51305000 1.48544000 1.49044000 1.40363000 1.38298000 1.43053000
53.1933600 13.0960500 1.29996000 1.29550000 1.26881000 1.22009000 1.10023000 1.00915000 1.03681000 1.10334000 1.02432000 0.98560000 1.00054000 1.08021000 1.12245000 1.13288000 1.14556000 1.12940000 1.10634000 1.06273000 1.03118000 1.04123000 1.07716000 1.00099000 1.02759000 1.16975000 1.15069000 1.06707000 1.19473000 1.15948000 1.14974000 1.25372000 1.32436000 1.28374000 1.23755000 1.32622000 1.49294000 1.51870000 1.51469000 1.67161000 2.13122000 2.16043000 2.14813000 2.11460000 2.08268000 1.93158000 1.78537000 1.67559000 1.61413000 1.59776000 1.58542000 1.54749000 1.52321000 1.50794000 1.47583000 1.45462000 1.46132000
80.0000000 28.4899100 4.47548000 4.45780000 4.18708000 1.24293000 1.11744000 1.05232000 1.05478000 1.14977000 1.06504000 0.99753000 1.01730000 1.10273000 1.13806000 1.14102000 1.16442000 1.14322000 1.11842000 1.08691000 1.06597000 1.08229000 1.11774000 1.06563000 1.06265000 1.21271000 1.20358000 1.13058000 1.24685000 1.23113000 1.22444000 1.32608000 1.38215000 1.37789000 1.36009000 1.42313000 1.54314000 1.59099000 1.58448000 1.72458000 2.11694000 2.16557000 2.15545000 2.12423000 2.10150000 1.95692000 1.83151000 1.70608000 1.65559000 1.64950000 1.61675000 1.56835000 1.56159000 1.53783000 1.51618000 1.49405000 1.50844000
80.0000000 80.0000000 80.0000000 80.0000000 72.4224600 1.20201000 1.19669000 1.14949000 1.12161000 1.18657000 1.11283000 1.02529000 1.02572000 1.12044000 1.18822000 1.21189000 1.17571000 1.14565000 1.06917000 1.01816000 1.03965000 8.74428000 4.05123000 1.18246000 1.10665000 1.24737000 1.25602000 1.17482000 1.27920000 1.32041000 1.36718000 1.47047000 1.54208000 1.50107000 1.45821000 1.50883000 1.59693000 1.64226000 1.66273000 1.76483000 2.10426000 2.16334000 2.14896000 2.12877000 2.08968000 1.98233000 1.88775000 1.78656000 1.73286000 1.72968000 1.69916000 1.63931000 1.62298000 1.58435000 1.54926000 1.52775000 1.56424000
80.0000000 80.0000000 80.0000000 80.0000000 62.7231900 1.34206000 1.35461000 1.19897000 1.18606000 1.22062000 1.15380000 1.04464000 1.04991000 1.11917000 1.22498000 15.6568000 38.4279800 55.3056000 58.9945300 68.6630500 79.6136800 79.7603800 32.9939900 1.27841000 1.13997000 1.26617000 1.30513000 1.17616000 1.20210000 1.69953000 22.9475200 53.2815100 15.1337200 1.48394000 1.47793000 1.49892000 1.57986000 1.67547000 1.74586000 1.82082000 2.11614000 2.15900000 2.15092000 2.12614000 2.09980000 2.01129000 1.92180000 1.83489000 1.79622000 1.79369000 1.74622000 1.71169000 1.67028000 1.63331000 1.58963000 1.55755000 1.58484000
80.0000000 80.0000000 80.0000000 80.0000000 51.9395800 1.44936000 1.41071000 1.24987000 1.21981000 1.25634000 1.17765000 1.06381000 1.06017000 1.13493000 1.27693000 17.6223900 80.0000000 80.0000000 80.0000000 80.0000000 80.0000000 80.0000000 33.1640500 1.35894000 1.18988000 1.29212000 1.33111000 1.20621000 1.22235000 61.5693700 80.0000000 80.0000000 27.4287200 1.54627000 1.46202000 1.45995000 1.50964000 1.73241000 1.83249000 1.83426000 2.10245000 2.21101000 2.25197000 2.27376000 2.23164000 2.13587000 2.00814000 1.89693000 1.87579000 1.86306000 1.83082000 1.76107000 1.72148000 1.66496000 1.61562000 1.58711000 1.59594000
80.0000000 80.0000000 80.0000000 80.0000000 65.1610800 1.45032000 1.35694000 1.24776000 1.21334000 1.25324000 1.23089000 1.10123000 1.09907000 1.15078000 1.30158000 11.2949700 80.0000000 80.0000000 80.0000000 80.0000000 80.0000000 80.0000000 33.1914900 1.43355000 1.23928000 1.31995000 1.36836000 1.24868000 1.33598000 64.6478600 80.0000000 80.0000000 46.0089000 1.60913000 1.46104000 1.41321000 1.46632000 1.78026000 1.92113000 1.89237000 2.18918000 2.37236000 2.40545000 2.40722000 2.31526000 2.19569000 2.06681000 1.96684000 1.93849000 1.92440000 1.90830000 1.84625000 1.79182000 1.72330000 1.66347000 1.63480000 1.64559000
80.0000000 80.0000000 80.0000000 80.0000000 78.9501100 23.2842900 1.29129000 1.23992000 1.16885000 1.26330000 1.28948000 1.18439000 1.17079000 1.21191000 1.33884000 7.97942000 76.3989100 80.0000000 80.0000000 80.0000000 80.0000000 80.0000000 45.4749200 1.42694000 1.30455000 1.33399000 1.39917000 1.29298000 1.31188000 63.0527800 80.0000000 80.0000000 47.9400500 1.62858000 1.43941000 1.38369000 1.44410000 1.77215000 2.00609000 1.94797000 2.23851000 2.45798000 2.51125000 2.51279000 2.43004000 2.23104000 2.10576000 2.01123000 1.99807000 2.02615000 1.99391000 1.92182000 1.86438000 1.77996000 1.72290000 1.68848000 1.66656000
80.0000000 80.0000000 80.0000000 80.0000000 77.7835600 10.6347300 1.28465000 1.21658000 1.14085000 1.26011000 1.35756000 1.27084000 1.24125000 1.26233000 1.36288000 1.46631000 69.3729300 80.0000000 80.0000000 80.0000000 80.0000000 80.0000000 53.7127200 1.48729000 1.37574000 1.34752000 1.43528000 1.34020000 1.31884000 43.4228200 80.0000000 80.0000000 64.6433800 1.64071000 1.46756000 1.43699000 1.48508000 1.76875000 2.05754000 2.02512000 2.28220000 2.51947000 2.58265000 2.57950000 2.47913000 2.26638000 2.14587000 2.06503000 2.09973000 2.13640000 2.06581000 1.99051000 1.92770000 1.85033000 1.77459000 1.73759000 1.68548000
80.0000000 80.0000000 80.0000000 80.0000000 74.4316000 4.95065000 1.31641000 1.21536000 1.21241000 1.26174000 1.42154000 1.34842000 1.32170000 1.33438000 1.40875000 1.49075000 52.4710100 71.3904000 80.0000000 80.0000000 66.6003600 58.0283000 27.1070100 1.50836000 1.37570000 1.35766000 1.45928000 1.39570000 1.35806000 23.5844400 80.0000000 80.0000000 68.4007600 1.64094000 1.52184000 1.51715000 1.54912000 1.77147000 2.11476000 2.08708000 2.34057000 2.57505000 2.61705000 2.61539000 2.52594000 2.30723000 2.18750000 2.11534000 2.16975000 2.22085000 2.13282000 2.04065000 1.97675000 1.89582000 1.81809000 1.77784000 1.71907000
80.0000000 80.0000000 80.0000000 80.0000000 77.9418400 16.2636300 1.33620000 1.24833000 1.24682000 1.31300000 1.45639000 1.43742000 1.39694000 1.41388000 1.46276000 1.50504000 1.56959000 2.21517000 2.57600000 2.52001000 1.87101000 1.56794000 1.54926000 1.49428000 1.29104000 1.36486000 1.49181000 1.44569000 1.37359000 19.3957100 80.0000000 80.0000000 76.8327000 51.1432000 38.1081500 38.1127000 38.1185200 3.19735000 2.16968000 2.19038000 2.37025000 2.61292000 2.65226000 2.64291000 2.59364000 2.34726000 2.24433000 2.15469000 2.21098000 2.24592000 2.18409000 2.09610000 2.02031000 1.94358000 1.85692000 1.81322000 1.72287000
35.9526900 26.4630800 26.4588900 26.3983900 19.0574500 2.15377000 1.39415000 1.28324000 1.29224000 1.32123000 1.37870000 1.39337000 1.37196000 1.38174000 1.42842000 1.43100000 1.45021000 1.45319000 1.45432000 1.45072000 1.46828000 1.46922000 1.47011000 1.44101000 1.35290000 1.37092000 1.50414000 1.49231000 1.39895000 3.06876000 80.0000000 80.0000000 80.0000000 80.0000000 80.0000000 80.0000000 80.0000000 4.62745000 2.23417000 2.25316000 2.31723000 2.53000000 2.60083000 2.62254000 2.61496000 2.37374000 2.29252000 2.20404000 2.19303000 2.22693000 2.21388000 2.15574000 2.06409000 1.99806000 1.91179000 1.84945000 1.71307000
1.42412000 1.35495000 1.32016000 1.27236000 1.28691000 1.25043000 1.22642000 1.19281000 1.20384000 1.20841000 1.24698000 1.25830000 1.24898000 1.29393000 1.34966000 1.39125000 1.42046000 1.46166000 1.49130000 1.51859000 1.52083000 1.51307000 1.48946000 1.44708000 1.37757000 1.38802000 1.50765000 1.52055000 1.41109000 3.09734000 80.0000000 80.0000000 80.0000000 80.0000000 80.0000000 80.0000000 80.0000000 22.9256600 2.26756000 2.31304000 2.32306000 2.46632000 2.55078000 2.64022000 2.64881000 2.39727000 2.30172000 2.24066000 2.21841000 2.25920000 2.27767000 2.22423000 2.11801000 2.03612000 1.94453000 1.88085000 1.69793000
1.12728000 1.05813000 1.06701000 1.07371000 1.07927000 1.10575000 1.12288000 1.16675000 1.21268000 1.24532000 1.28395000 1.30390000 1.33878000 1.37308000 1.40164000 1.42018000 1.43493000 1.45137000 1.46363000 1.47358000 1.46046000 1.45790000 1.49286000 1.49885000 1.45685000 1.38962000 1.51955000 1.54577000 1.41548000 2.60257000 73.7523000 80.0000000 80.0000000 80.0000000 80.0000000 80.0000000 80.0000000 25.0345300 2.32363000 2.36471000 2.34612000 2.48787000 2.58674000 2.68024000 2.72046000 2.44120000 2.34335000 2.28628000 2.33140000 2.39046000 2.39767000 2.30442000 2.16689000 2.03660000 1.94433000 1.87576000 1.67256000
