test_data/TRITON_SWMM_test_model/dem/elevation.dem
ncols         551
nrows         537
xllcorner     3696703.8335999995
yllcorner     1059876.9668000012
cellsize      3.5
NODATA_value  -9999
[rows 475 to 499 of 537, columns 171 to 227 of 551]
3.04388000 2.96674000 2.78993000 2.51268000 2.12293000 1.82275000 1.56929000 1.32622000 1.57818000 1.57982000 1.91733000 2.35876000 2.71684000 3.05756000 3.07914000 3.10452000 3.07583000 3.04033000 3.01427000 2.99472000 2.98357000 2.97449000 2.97085000 2.97505000 2.98614000 3.01724000 3.04167000 3.07011000 3.11661000 3.15695000 3.21176000 3.26643000 3.30060000 3.33508000 3.38115000 3.42312000 3.44078000 3.47119000 3.49711000 3.51724000 3.52869000 3.55222000 3.50318000 3.49900000 3.45010000 3.36644000 3.33040000 3.28468000 3.23050000 3.19851000 3.15550000 3.12620000 3.09026000 3.05866000 3.01944000 2.95508000 2.88488000
66.4522200 48.9096400 8.34829000 3.62988000 3.17247000 2.66037000 2.11901000 1.35650000 0.74743000 0.32890000 -0.2149900 0.85077000 21.0909000 28.5847000 9.91093000 10.5802200 7.12064000 3.06255000 2.98638000 2.86997000 2.89319000 2.87130000 2.86769000 2.87609000 2.90110000 2.92263000 2.93841000 2.98251000 3.01510000 3.04491000 3.09681000 3.15035000 3.18372000 3.22625000 3.28034000 3.32010000 3.35404000 3.38120000 3.40475000 3.42441000 3.43856000 3.44844000 3.44654000 3.44483000 3.42666000 3.38521000 3.34827000 3.31289000 3.26984000 3.23034000 3.18735000 3.15913000 3.12047000 3.10718000 3.06834000 3.01045000 2.97172000
16.2775600 33.8163200 10.0808000 4.52931000 4.54391000 4.54905000 4.53910000 4.44180000 4.22672000 3.98896000 3.23751000 8.54865000 36.6225200 48.3508200 56.3458800 66.2974300 71.0291300 67.3661800 65.1524600 47.1938800 46.8000800 27.0680700 27.0770700 8.28446000 6.90071000 3.55093000 2.93805000 2.96407000 2.95453000 2.87344000 3.00765000 3.02777000 3.06027000 3.10945000 3.17221000 3.21174000 3.25344000 3.28267000 3.30055000 3.33086000 3.32810000 3.33303000 3.33379000 3.31725000 3.32464000 3.29796000 3.30283000 3.26818000 3.24325000 3.20405000 3.18957000 3.14630000 3.13097000 3.10481000 3.06138000 3.02137000 2.98785000
4.17408000 4.26302000 4.50096000 4.54001000 4.56343000 4.57539000 4.56861000 4.55419000 4.54814000 4.54618000 4.53808000 4.54186000 4.53474000 4.53602000 4.53425000 4.52638000 7.65995000 20.2840500 20.2977300 26.7143700 40.0013400 49.8045600 59.7176500 67.7535600 79.4285600 66.0741400 63.6583700 43.7953600 40.0065100 19.6479400 1.67894000 0.64131000 1.34441000 1.93087000 2.47379000 2.94771000 3.15796000 3.18033000 3.17890000 3.18314000 3.18291000 3.20664000 3.20800000 3.16243000 3.18974000 3.20405000 3.21586000 3.19589000 3.18123000 3.16143000 3.14311000 3.13637000 3.10388000 3.08833000 3.03309000 2.96556000 2.92272000
4.54841000 4.55740000 4.56528000 4.55326000 4.58375000 4.58128000 4.59046000 4.59214000 4.58463000 4.57634000 4.56914000 4.56563000 4.58785000 4.57397000 4.55258000 4.54609000 4.55448000 4.55804000 4.53948000 4.54016000 4.52853000 4.51444000 4.52579000 4.51471000 4.50504000 10.5584100 23.6295600 28.2072800 43.4095600 51.2855400 35.7318400 -0.0829400 -0.2402600 0.16273000 0.52889000 0.93062000 1.39801000 1.96820000 2.43469000 2.85424000 3.02805000 3.11426000 3.08570000 2.99662000 3.05714000 3.08460000 3.12721000 3.14951000 3.14471000 3.13556000 3.14396000 3.13356000 3.11954000 3.08028000 3.01217000 2.92325000 2.83827000
4.55938000 4.57075000 4.57634000 4.57453000 4.56751000 4.57120000 4.58707000 4.60392000 4.59376000 4.58149000 4.57610000 4.57748000 4.57827000 4.58043000 4.56383000 4.56324000 4.58291000 4.58750000 4.58316000 4.56793000 4.56507000 4.55209000 4.54737000 4.52633000 4.52192000 4.51849000 4.51378000 4.55000000 4.57550000 4.54317000 4.53284000 4.31021000 3.59901000 2.82126000 2.63984000 2.27962000 2.22836000 2.18589000 2.33044000 2.51342000 2.80434000 2.96723000 3.03948000 2.96189000 2.94168000 2.97630000 3.02600000 3.07558000 3.09585000 3.09320000 3.10350000 3.09592000 3.08797000 3.03006000 2.96689000 2.86740000 2.74714000
4.56968000 4.57542000 4.57152000 4.57456000 4.57194000 4.58199000 4.58504000 4.59169000 4.56104000 4.57701000 4.57436000 4.56719000 4.53321000 4.53707000 4.57012000 4.56760000 4.58623000 4.55489000 4.59635000 4.58179000 4.59642000 4.59830000 4.59144000 4.58024000 4.57413000 4.55994000 4.55637000 4.55901000 4.56729000 4.56796000 4.56829000 4.56316000 4.57885000 4.55978000 4.53766000 4.54674000 4.51760000 4.46916000 4.38123000 4.09050000 13.0039400 22.6690700 3.13794000 3.08872000 2.94983000 2.89179000 2.91471000 2.97286000 3.01958000 3.06680000 3.05001000 3.06958000 3.02328000 2.96336000 2.87784000 2.78599000 2.70185000
4.57039000 4.56727000 4.56330000 4.58843000 4.58590000 4.58123000 4.58923000 4.56772000 4.50809000 4.52963000 4.57113000 4.56374000 4.52805000 4.55249000 4.57200000 4.56057000 4.51052000 4.52797000 4.57091000 4.57843000 4.61686000 4.56929000 4.59616000 4.59097000 4.57042000 4.57444000 4.58594000 4.59408000 4.61095000 4.61637000 4.61178000 4.61509000 4.61954000 4.59208000 4.57509000 4.57456000 4.56944000 4.56201000 4.55147000 4.53416000 27.0914400 29.7262400 3.48499000 3.20677000 3.07913000 2.84937000 2.82804000 2.89145000 2.99386000 3.08126000 3.10180000 3.04850000 2.98897000 2.89828000 2.79936000 2.83774000 2.84721000
4.57147000 4.56678000 4.57130000 4.56798000 4.54329000 4.56930000 4.58585000 4.56842000 4.52330000 4.54443000 5.25769000 11.1150700 29.9463500 30.5064400 27.1287700 7.95979000 7.95870000 4.74207000 4.57876000 4.57220000 4.52349000 4.49073000 4.58984000 4.58759000 4.56901000 4.56711000 4.57268000 4.59106000 4.61301000 4.63859000 4.65077000 4.65468000 4.66761000 4.64720000 4.62127000 4.61510000 4.60395000 4.58823000 4.56563000 4.51671000 4.33009000 4.01138000 3.54452000 3.22340000 3.06443000 2.90054000 2.75032000 2.86360000 2.97689000 3.05686000 3.07759000 3.01503000 2.93604000 2.83900000 2.81266000 2.91816000 2.98208000
4.57540000 4.57391000 4.57233000 4.56663000 4.54005000 4.53085000 4.57120000 6.14820000 30.0881100 59.2440100 67.0725600 83.9073900 80.5681800 80.0000000 80.0000000 80.0000000 80.0000000 61.6848700 31.5629000 12.7070000 4.50770000 4.52041000 4.57165000 4.58390000 4.58900000 4.58666000 4.57453000 4.57613000 4.59637000 4.61623000 4.63090000 4.64991000 4.67331000 4.66411000 4.66645000 4.64486000 4.63123000 4.62094000 4.59140000 4.54540000 4.53452000 4.44984000 3.48797000 3.15632000 3.03465000 2.88551000 2.72799000 2.83147000 2.95687000 3.21851000 3.05754000 2.97032000 2.88813000 2.77553000 2.87382000 3.03614000 3.04886000
4.56921000 4.57978000 4.55801000 4.55602000 4.54330000 7.31342000 881.906200 2230.28050 4353.31900 5474.56050 7414.13040 9182.47600 7671.26950 5873.94300 2722.74070 583.469800 80.0000000 80.0000000 80.0000000 78.7294000 49.2493500 8.48102000 4.56506000 4.55834000 4.56097000 4.59020000 4.58968000 4.55811000 4.57559000 4.58862000 4.61337000 4.64750000 4.65656000 4.66955000 4.68888000 4.70336000 4.66526000 4.64320000 4.60833000 4.56542000 4.56446000 4.53888000 4.02092000 3.17606000 3.02094000 2.85216000 2.75066000 2.84896000 2.99060000 3.28716000 3.04852000 2.92453000 2.84943000 2.76633000 2.88819000 3.10089000 3.11479000
4.55152000 4.54640000 4.53373000 4.54100000 1841.28820 7960.11960 9730.16100 9999.00000 9999.00000 9999.00000 9999.00000 9999.00000 9999.00000 9999.00000 9999.00000 9663.72300 8369.29700 6970.80570 4657.47400 3536.23240 1755.78400 63.0183400 20.7059500 4.51904000 4.51843000 4.54026000 4.57894000 4.57829000 4.56648000 4.57762000 4.59972000 4.62781000 4.63187000 4.65282000 4.65925000 4.70032000 4.65483000 4.62923000 4.59339000 4.55312000 4.54436000 4.66176000 4.89950000 3.66593000 3.01066000 2.84813000 2.77866000 2.86471000 3.03296000 3.28387000 3.00677000 2.93948000 2.83602000 2.77378000 2.90970000 3.15121000 3.12028000
4.56525000 4.53215000 726.076660 4004.85450 9758.91400 9999.00000 9999.00000 9999.00000 9999.00000 9999.00000 9999.00000 9999.00000 9999.00000 9999.00000 9999.00000 9999.00000 9999.00000 9999.00000 9999.00000 9999.00000 9981.55300 9118.06200 7944.23140 6502.43950 4189.81200 2378.27000 1264.88330 4.58020000 4.56560000 4.56718000 4.59154000 4.61364000 4.64199000 4.65583000 4.65973000 4.68197000 4.65790000 4.62921000 4.59379000 4.55909000 4.54088000 4.59857000 5.13799000 4.04073000 3.01904000 2.85103000 2.79486000 2.90242000 3.08589000 3.28671000 3.03460000 2.94614000 2.83481000 2.78866000 2.93646000 3.20015000 3.13434000
114.040860 6971.26300 9418.33600 9999.00000 9999.00000 9999.00000 9999.00000 9999.00000 9999.00000 9999.00000 9999.00000 9999.00000 9999.00000 9999.00000 9999.00000 9999.00000 9999.00000 9999.00000 9999.00000 9999.00000 9999.00000 9999.00000 9999.00000 9999.00000 9999.00000 9999.00000 9982.64000 8664.66800 7502.89200 5691.32370 1834.36460 143.012850 4.63664000 4.63510000 4.64762000 4.69657000 4.66941000 4.65315000 4.61621000 4.55848000 4.57121000 4.60316000 5.15942000 4.05069000 3.01903000 2.79410000 2.80221000 2.90770000 3.11538000 3.26097000 3.04423000 2.95028000 2.81067000 2.76168000 2.93350000 3.17854000 3.15650000
2887.43970 9999.00000 9999.00000 9999.00000 9999.00000 9999.00000 9999.00000 9999.00000 9999.00000 9999.00000 9999.00000 9999.00000 9999.00000 9999.00000 9999.00000 9999.00000 9999.00000 9999.00000 9999.00000 9999.00000 9999.00000 9999.00000 9999.00000 9999.00000 9999.00000 9999.00000 9999.00000 9999.00000 9999.00000 9999.00000 9999.00000 7704.20260 2754.16800 4.61422000 4.60629000 4.65129000 4.66622000 4.63510000 4.60374000 4.56644000 4.51472000 4.54291000 5.10598000 4.07813000 2.97462000 2.78355000 2.82040000 2.92741000 3.18662000 3.23108000 3.04552000 2.92731000 2.69998000 2.70764000 2.92623000 3.15414000 3.16554000
9008.83300 9999.00000 9999.00000 9999.00000 9999.00000 9999.00000 9999.00000 9999.00000 9999.00000 9999.00000 9999.00000 9999.00000 9999.00000 9999.00000 9999.00000 9999.00000 9999.00000 9999.00000 9999.00000 9999.00000 9999.00000 9999.00000 9999.00000 9999.00000 9999.00000 9999.00000 9999.00000 9999.00000 9999.00000 9999.00000 9999.00000 9999.00000 7341.34330 4.61612000 4.61284000 4.65887000 4.66392000 4.64381000 4.61188000 4.56847000 4.54649000 4.59230000 5.11132000 4.26529000 2.99772000 2.81637000 2.84646000 2.95476000 3.20333000 3.20724000 3.03133000 2.93638000 2.65333000 2.71727000 2.92055000 3.16915000 3.16711000
9999.00000 9999.00000 9999.00000 9999.00000 9999.00000 9999.00000 9999.00000 9999.00000 9999.00000 9999.00000 9999.00000 9999.00000 9999.00000 9999.00000 9999.00000 9999.00000 9999.00000 9999.00000 9999.00000 9999.00000 9999.00000 9999.00000 9999.00000 9999.00000 9999.00000 9999.00000 9999.00000 9999.00000 9999.00000 9999.00000 9999.00000 9999.00000 7889.70500 4.61072000 4.60615000 4.63491000 4.64840000 4.64309000 4.61379000 4.57273000 4.52502000 4.55490000 5.11737000 3.90240000 3.03275000 2.82344000 2.86174000 2.96022000 3.24038000 3.20518000 3.06433000 2.96516000 2.75062000 2.72621000 2.97915000 3.19838000 3.16909000
9999.00000 9999.00000 9999.00000 9999.00000 9999.00000 9999.00000 9999.00000 9999.00000 9999.00000 9999.00000 9999.00000 9999.00000 9999.00000 9999.00000 9999.00000 9999.00000 9999.00000 9999.00000 9999.00000 9999.00000 9999.00000 9999.00000 9999.00000 9999.00000 9999.00000 9999.00000 9999.00000 9999.00000 9999.00000 9999.00000 9999.00000 9999.00000 9951.84900 4.59899000 4.61964000 4.62883000 4.64842000 4.64028000 4.60544000 4.57631000 4.53325000 4.53851000 5.11489000 3.84867000 2.99572000 2.76642000 2.86509000 2.97978000 3.27529000 3.20465000 3.07030000 2.98196000 2.86546000 2.88915000 3.07421000 3.25076000 3.16489000
9999.00000 9999.00000 9999.00000 9999.00000 9999.00000 9999.00000 9999.00000 9999.00000 9999.00000 9999.00000 9999.00000 9999.00000 9999.00000 9999.00000 9999.00000 9999.00000 9999.00000 9999.00000 9999.00000 9999.00000 9999.00000 9999.00000 9999.00000 9999.00000 9999.00000 9999.00000 9999.00000 9999.00000 9999.00000 9999.00000 9999.00000 9999.00000 9957.53800 313.925140 4.60809000 4.67518000 4.63707000 4.62148000 4.60763000 4.58866000 4.56378000 4.51881000 5.14949000 4.20993000 2.99205000 2.78456000 2.89278000 3.00377000 3.36427000 3.22490000 3.07370000 2.99223000 2.89645000 2.93078000 3.09815000 3.23484000 3.18003000
9999.00000 9999.00000 9999.00000 9999.00000 9999.00000 9999.00000 9999.00000 9999.00000 9999.00000 9999.00000 9999.00000 9999.00000 9999.00000 9999.00000 9999.00000 9999.00000 9999.00000 9999.00000 9999.00000 9999.00000 9999.00000 9999.00000 9999.00000 9999.00000 9999.00000 9999.00000 9999.00000 9999.00000 9999.00000 9999.00000 9999.00000 9999.00000 9999.00000 2567.94040 4.59252000 4.62586000 4.61969000 4.61848000 4.59706000 4.58269000 4.54319000 4.52412000 5.13862000 4.14216000 3.01582000 2.82059000 2.89950000 3.02939000 3.37672000 3.22802000 3.07690000 2.98577000 2.88184000 2.93918000 3.12819000 3.26232000 3.18266000
9999.00000 9999.00000 9999.00000 9999.00000 9999.00000 9999.00000 9999.00000 9999.00000 9999.00000 9999.00000 9999.00000 9999.00000 9999.00000 9999.00000 9999.00000 9999.00000 9999.00000 9999.00000 9999.00000 9999.00000 9999.00000 9999.00000 9999.00000 9999.00000 9999.00000 9999.00000 9999.00000 9999.00000 9999.00000 9999.00000 9999.00000 9999.00000 9999.00000 2567.94100 4.58856000 4.63115000 4.63045000 4.61770000 4.59552000 4.57100000 4.57302000 4.52536000 5.09249000 4.27364000 3.03791000 2.82921000 2.91416000 3.02467000 3.37962000 3.20709000 3.07310000 2.99336000 2.89424000 2.94570000 3.13688000 3.25310000 3.19792000
9999.00000 9999.00000 9999.00000 9999.00000 9999.00000 9999.00000 9999.00000 9999.00000 9999.00000 9999.00000 9999.00000 9999.00000 9999.00000 9999.00000 9999.00000 9999.00000 9999.00000 9999.00000 9999.00000 9999.00000 9999.00000 9999.00000 9999.00000 9999.00000 9999.00000 9999.00000 9999.00000 9999.00000 9999.00000 9999.00000 9999.00000 9999.00000 9999.00000 2567.92700 4.57686000 4.61745000 4.61796000 4.61207000 4.59094000 4.56814000 4.54243000 4.51874000 5.07050000 4.59124000 3.03926000 2.83361000 2.91163000 3.04763000 3.39703000 3.20912000 3.08979000 3.00079000 2.82288000 2.91058000 3.09847000 3.22120000 3.20566000
9999.00000 9999.00000 9999.00000 9999.00000 9999.00000 9999.00000 9999.00000 9999.00000 9999.00000 9999.00000 9999.00000 9999.00000 9999.00000 9999.00000 9999.00000 9999.00000 9999.00000 9999.00000 9999.00000 9999.00000 9999.00000 9999.00000 9999.00000 9999.00000 9999.00000 9999.00000 9999.00000 9999.00000 9999.00000 9999.00000 9999.00000 9999.00000 9999.00000 2567.94100 4.58409000 4.64359000 4.63702000 4.60466000 4.58972000 4.56674000 4.55157000 4.56702000 5.07399000 4.54952000 3.04562000 2.85893000 2.92866000 3.05450000 3.40657000 3.22121000 3.10381000 2.96122000 2.79330000 2.92091000 3.13234000 3.24010000 3.23357000
9999.00000 9999.00000 9999.00000 9999.00000 9999.00000 9999.00000 9999.00000 9999.00000 9999.00000 9999.00000 9999.00000 9999.00000 9999.00000 9999.00000 9999.00000 9999.00000 9999.00000 9999.00000 9999.00000 9999.00000 9999.00000 9999.00000 9999.00000 9999.00000 9999.00000 9999.00000 9999.00000 9999.00000 9999.00000 9999.00000 9999.00000 9999.00000 9999.00000 2567.94020 4.58012000 4.65629000 4.65078000 4.60724000 4.59024000 4.56995000 4.56383000 4.55112000 4.94860000 4.34758000 3.04162000 2.86668000 2.95041000 3.08190000 3.41575000 3.22139000 3.10698000 2.99885000 2.84656000 2.96159000 3.15647000 3.27585000 3.25869000
9999.00000 9999.00000 9999.00000 9999.00000 9999.00000 9999.00000 9999.00000 9999.00000 9999.00000 9999.00000 9999.00000 9999.00000 9999.00000 9999.00000 9999.00000 9999.00000 9999.00000 9999.00000 9999.00000 9999.00000 9999.00000 9999.00000 9999.00000 9999.00000 9999.00000 9999.00000 9999.00000 9999.00000 9999.00000 9999.00000 9999.00000 9999.00000 9999.00000 2567.94360 4.58525000 4.61320000 4.64541000 4.63372000 4.59312000 4.57188000 4.54589000 4.54170000 7.46665000 9.63775000 3.03044000 2.87971000 2.95821000 3.08803000 3.40844000 3.24054000 3.11565000 3.02344000 2.89888000 3.03564000 3.20766000 3.30188000 3.27114000
