test_data/TRITON_SWMM_test_model/dem/elevation.dem
ncols         551
nrows         537
xllcorner     3696703.8335999995
yllcorner     1059876.9668000012
cellsize      3.5
NODATA_value  -9999
[rows 250 to 274 of 537, columns 399 to 455 of 551]
3.42934000 3.35816000 3.46664000 3.50136000 3.44277000 3.46655000 3.49827000 3.47760000 3.49529000 3.49962000 3.50856000 3.48429000 3.42579000 3.37878000 3.41157000 3.50969000 3.52792000 3.37043000 3.44033000 3.54083000 3.61287000 3.67946000 3.71683000 3.76417000 3.71972000 3.65426000 3.56675000 33.6080800 80.0000000 31.7148600 3.64269000 3.64081000 3.62795000 3.58990000 3.48243000 3.42418000 3.44747000 3.44973000 3.49723000 3.46089000 3.47602000 3.42891000 3.45643000 3.44859000 3.40611000 3.31057000 3.31305000 3.36873000 3.44499000 3.49689000 3.45774000 3.40630000 3.28417000 3.08805000 3.03272000 3.01285000 3.10533000
3.44727000 3.37653000 3.44789000 3.48412000 3.45558000 3.50103000 3.53004000 3.54271000 3.57796000 3.62126000 3.53218000 3.50963000 3.44673000 3.45752000 3.44726000 3.47586000 3.52373000 3.50266000 3.55145000 3.65550000 3.72991000 3.77869000 3.82493000 3.85113000 3.79970000 3.69498000 3.59146000 19.1171400 80.0000000 51.4046400 3.67002000 3.64794000 3.63068000 3.60250000 3.50757000 3.51530000 3.45807000 3.46345000 3.51357000 3.39923000 3.38158000 3.41093000 3.45293000 3.67946000 3.53354000 3.36626000 3.37162000 3.35251000 8.79942000 31.3872500 3.44382000 3.45034000 3.32567000 3.09829000 3.03492000 3.03447000 3.06536000
3.46114000 3.39127000 3.41926000 3.50299000 3.48118000 3.50549000 3.53590000 3.55785000 3.56667000 3.61344000 3.58280000 3.56104000 3.47288000 3.48128000 3.51899000 3.49454000 3.50651000 3.49570000 3.60002000 3.73136000 3.79792000 3.80956000 3.80294000 3.81996000 3.81131000 3.74496000 3.66718000 12.2705100 78.0306600 55.0820200 3.71096000 3.64675000 3.62063000 3.59602000 3.53151000 3.49987000 3.45744000 3.47703000 3.52054000 3.39205000 3.31801000 3.36297000 3.45487000 3.71533000 3.54105000 3.32275000 3.32863000 3.31117000 18.0574500 79.8912600 3.48836000 3.44626000 3.34259000 3.14691000 3.04163000 3.07132000 3.04478000
3.45432000 3.40621000 3.42292000 3.45650000 3.48702000 3.49201000 3.53541000 3.55672000 3.57084000 3.59261000 3.56483000 3.56900000 3.52601000 3.49093000 3.54484000 3.50690000 3.51450000 3.51172000 3.60800000 3.72294000 3.77522000 3.80752000 3.78859000 3.84271000 3.86072000 3.75775000 3.71920000 3.68859000 75.5746400 71.3348000 3.73987000 3.65414000 3.61474000 3.58920000 3.54766000 3.50730000 3.47431000 3.45035000 3.50816000 3.39023000 3.22524000 3.31803000 3.39414000 35.1331400 3.31934000 3.22578000 3.30827000 3.35320000 3.72819000 25.0197700 3.46240000 3.43715000 3.30055000 3.16184000 3.02150000 3.04288000 2.99869000
3.45900000 3.40945000 3.33002000 3.40966000 3.45386000 3.48584000 3.51984000 3.53276000 3.56874000 3.57200000 3.53125000 3.55574000 3.57836000 3.52269000 3.53013000 3.51054000 3.53229000 3.52187000 3.57376000 3.69445000 3.74702000 3.80664000 3.79640000 3.81634000 3.83059000 3.75461000 3.69774000 3.71883000 58.0730200 76.6807200 10.6865000 3.65917000 3.61637000 3.57117000 3.53861000 6.39477000 20.0164100 3.43057000 3.45141000 3.44008000 3.22827000 3.30003000 3.38952000 36.5527900 10.1755100 3.26082000 3.34551000 3.35932000 3.39210000 3.39781000 3.41732000 3.42570000 3.29140000 3.16451000 3.03561000 3.02423000 2.94747000
3.38835000 3.39847000 3.29752000 3.35803000 3.40698000 3.44331000 3.47350000 3.51840000 3.52872000 3.53958000 3.52434000 3.55113000 3.52137000 3.46247000 3.46462000 3.48604000 3.52387000 3.55090000 3.54792000 3.65609000 3.71261000 3.75123000 3.77023000 3.77815000 3.77439000 3.71348000 3.68188000 3.67379000 49.4269400 80.0000000 15.9883100 3.66967000 3.61342000 3.57083000 3.54300000 9.12367000 25.4058700 3.41775000 3.42664000 3.45919000 3.21421000 3.27967000 3.41783000 12.4695000 16.6665500 3.31799000 3.36147000 3.32817000 3.31503000 3.31813000 3.29433000 3.29784000 3.23775000 3.17545000 3.04759000 3.04111000 2.99471000
3.45226000 3.39270000 3.29699000 3.28275000 3.30358000 3.38453000 3.41391000 3.45511000 3.47200000 3.48829000 3.46567000 3.49874000 3.46133000 37.8097000 63.8240300 19.1251800 3.47121000 3.54986000 3.51868000 3.58300000 3.64188000 3.69411000 3.73199000 3.72017000 3.68519000 3.63119000 3.62280000 3.60664000 35.4932000 79.9148000 29.4955100 3.65358000 3.60923000 3.54900000 3.50277000 3.49829000 3.47826000 3.44983000 3.40809000 3.44288000 3.33873000 3.30793000 3.38225000 3.36825000 3.34654000 3.31645000 3.29837000 3.26124000 3.24086000 3.21431000 3.18681000 3.19234000 3.13906000 3.14580000 3.10172000 3.09878000 3.09929000
3.41067000 3.36013000 3.29286000 3.24406000 3.28293000 3.32956000 3.34639000 3.37788000 3.39638000 3.41120000 3.47265000 3.45835000 3.44777000 47.0083300 80.0000000 23.3367000 3.46380000 3.50244000 3.49457000 3.53333000 3.58829000 3.60460000 3.62138000 3.58149000 3.52775000 3.55619000 3.57330000 3.58674000 3.56530000 18.9232400 3.56295000 3.63108000 3.61306000 3.51819000 3.45715000 3.43486000 3.43054000 3.40342000 3.36447000 3.33735000 3.33565000 3.31360000 3.31266000 3.29129000 3.26954000 3.23549000 3.23380000 3.14805000 3.12946000 3.11173000 3.11616000 3.13303000 3.13606000 3.11462000 3.08792000 3.09273000 3.10945000
3.45121000 3.35622000 3.29096000 3.21514000 3.25242000 3.29732000 3.28821000 3.37700000 3.40259000 3.41851000 3.44877000 3.43173000 3.41879000 27.8083900 80.0000000 42.5339800 3.48209000 3.47430000 3.48246000 3.50451000 3.50693000 3.43501000 3.42351000 3.40427000 3.41907000 3.48863000 3.50892000 3.50982000 3.53448000 3.56261000 3.52479000 3.53737000 3.52176000 3.42277000 3.36283000 3.28586000 3.28393000 3.23692000 3.28752000 3.27800000 3.23474000 3.26107000 3.22850000 3.18713000 3.20125000 3.19224000 3.18289000 3.16365000 3.15316000 3.11509000 3.10371000 3.10491000 3.13952000 3.10857000 3.14097000 3.07091000 3.06384000
3.59791000 3.36055000 3.29131000 3.23294000 3.25193000 3.32706000 3.31687000 3.37624000 3.40543000 3.40355000 3.40687000 3.38645000 3.39389000 18.6792900 75.1648200 32.7924600 3.46127000 3.45456000 3.46268000 3.47545000 3.47593000 3.37892000 3.35394000 3.32817000 3.34694000 3.41174000 3.41269000 3.44160000 3.44693000 3.43300000 3.38912000 3.33183000 3.31839000 3.25350000 3.19262000 3.12366000 3.15933000 3.13318000 3.20061000 3.22920000 3.25048000 3.26028000 3.22190000 3.17075000 3.12993000 3.17177000 3.16682000 3.17007000 3.22378000 3.23557000 3.26991000 3.31711000 3.36466000 3.33927000 3.35610000 3.23548000 3.06100000
3.64043000 3.35814000 3.28471000 3.23904000 3.25756000 3.35602000 3.33128000 3.34902000 3.38368000 3.39408000 3.37516000 3.36272000 3.38207000 3.40865000 8.61881000 3.36977000 3.42744000 3.45738000 3.44484000 3.48118000 3.47809000 3.46745000 3.41266000 3.40545000 3.39008000 3.39635000 3.35300000 3.34037000 3.32044000 3.28362000 3.27868000 3.18152000 3.17626000 3.22505000 3.23377000 3.09134000 3.04607000 3.15701000 3.20376000 3.20208000 3.23036000 3.18520000 3.18531000 3.20356000 3.25429000 3.33290000 3.31493000 3.29349000 3.34071000 3.36243000 3.34980000 3.36105000 9.55243000 4.38590000 3.49890000 3.53037000 3.11137000
3.64647000 3.38039000 3.27164000 3.22451000 3.23191000 3.30945000 3.33491000 3.30925000 3.32246000 3.33832000 3.35268000 3.33053000 3.36478000 3.41595000 3.37714000 3.37983000 3.41380000 3.39561000 3.38034000 3.42163000 3.40318000 3.37286000 3.30424000 3.25587000 3.23421000 3.26169000 3.20725000 3.21142000 3.18146000 3.24225000 3.26016000 3.25369000 3.23763000 3.21054000 3.19600000 3.21368000 3.21278000 3.26080000 3.26210000 3.27184000 3.27641000 3.27264000 3.26078000 15.6275000 10.9077700 3.41534000 3.45209000 3.37514000 3.36814000 3.32368000 50.2275300 66.6957100 78.8271400 13.7344400 3.53128000 3.62588000 3.25285000
3.59756000 3.36124000 3.27706000 3.18831000 3.26610000 3.29673000 3.34673000 3.32304000 3.35618000 3.32880000 3.33914000 3.34511000 3.33653000 3.31032000 3.25629000 3.32761000 3.34267000 3.29080000 3.25822000 3.28260000 3.28636000 3.28270000 3.29320000 3.27277000 3.25825000 3.27209000 3.26704000 3.24496000 3.22636000 3.24982000 3.26239000 3.22737000 3.27107000 3.26732000 3.28416000 3.30324000 3.32190000 3.34495000 3.38832000 3.40841000 3.41031000 3.31038000 3.28686000 33.6171000 62.7897600 3.58414000 3.49351000 3.49518000 3.44670000 3.41927000 60.1067800 80.0000000 80.0000000 13.7836400 3.60879000 3.62863000 3.43217000
3.54018000 3.34088000 3.26836000 3.16044000 3.15377000 3.20380000 3.23129000 3.21994000 3.26573000 3.27168000 3.24393000 3.19776000 3.21157000 3.09114000 3.08228000 3.16379000 3.22923000 3.25143000 3.27674000 3.28307000 3.27574000 3.24154000 3.22900000 3.22600000 3.25535000 3.31972000 3.34844000 3.37947000 3.37483000 3.35075000 3.37196000 3.41139000 3.44131000 3.37011000 3.40021000 3.37488000 3.41033000 13.2367100 11.7904900 3.52544000 3.45692000 3.39030000 3.31204000 24.0250100 70.9870800 4.98167000 3.53370000 3.52824000 3.55441000 3.51241000 28.0091200 57.5586200 69.6232800 9.02028000 3.66130000 3.68668000 3.60448000
3.41214000 3.31820000 3.24656000 3.15756000 3.03919000 2.96274000 2.95439000 2.98215000 2.96361000 2.97095000 3.02911000 3.05535000 3.08577000 3.07783000 3.17523000 3.20326000 3.18351000 3.17318000 3.21770000 3.26216000 3.30481000 3.34745000 3.30538000 3.32386000 3.38388000 3.43809000 3.46718000 3.42375000 3.41684000 3.42294000 3.38168000 3.41713000 6.88454000 3.40779000 3.43715000 3.40039000 3.42689000 38.5494300 78.2415300 28.0257500 3.50091000 3.49169000 3.33284000 24.0080800 80.0000000 6.49384000 3.62419000 3.63778000 3.71427000 3.69583000 3.72306000 3.72013000 5.57730000 3.68983000 3.66462000 3.66808000 3.67813000
3.32677000 3.30102000 3.22221000 3.13834000 3.02348000 2.94642000 2.90621000 2.91489000 2.93021000 2.96439000 3.00373000 3.03467000 3.10477000 3.15563000 3.22148000 3.24768000 3.19178000 3.17507000 3.27314000 3.38552000 3.44170000 3.47021000 3.39686000 3.42827000 3.42350000 3.46758000 3.45854000 3.36953000 3.34393000 37.9141100 7.79771000 15.4986800 70.0312200 38.6606400 10.6306500 3.46236000 3.46743000 39.5735200 70.4300600 40.3888800 3.54859000 3.52759000 3.30279000 21.5208000 80.0000000 19.4427200 3.75415000 3.69273000 3.73251000 3.82366000 3.78194000 3.70630000 3.74339000 3.77746000 3.68742000 3.65024000 3.71602000
3.29512000 3.27218000 3.22034000 3.13431000 3.01359000 2.93351000 2.90078000 2.95060000 3.02162000 3.07446000 3.15480000 3.26097000 3.30874000 3.32372000 3.34290000 3.35109000 3.30086000 3.24721000 3.32636000 3.48172000 3.53064000 3.49534000 3.39498000 3.41625000 3.42008000 3.44190000 3.40812000 3.39958000 3.34724000 48.1880400 13.9372700 3.68347000 64.2969400 75.5718800 8.14512000 3.49178000 3.52213000 3.54947000 3.57795000 3.56257000 3.52463000 3.55449000 3.39325000 3.38459000 43.0342500 26.2382200 3.88888000 3.75843000 3.73974000 3.82128000 3.82235000 3.74416000 3.75978000 3.79848000 3.71584000 3.65439000 3.69496000
3.28412000 3.27151000 3.22258000 3.11738000 3.00659000 2.97620000 3.04289000 3.18071000 3.23435000 3.29378000 3.36352000 3.40784000 3.41667000 3.46782000 3.48359000 3.45548000 3.39205000 3.29569000 3.30963000 3.51584000 3.55786000 3.52325000 3.40204000 3.40666000 3.39782000 3.44281000 3.40955000 3.38177000 3.36861000 3.44826000 3.59477000 3.40714000 19.1754500 7.33927000 3.46594000 3.49983000 3.50180000 3.51197000 3.55159000 3.55149000 3.52848000 3.52753000 3.53744000 3.35097000 3.44212000 7.16640000 3.78218000 3.76024000 3.81601000 3.84390000 3.85195000 3.78965000 3.79853000 3.81417000 3.72182000 3.65759000 3.70069000
3.26576000 3.23347000 3.19063000 3.10524000 3.02993000 3.07164000 3.09751000 3.15474000 3.27796000 3.44574000 3.59957000 3.65768000 3.67747000 3.65024000 3.61115000 3.60443000 3.51108000 3.36217000 3.32841000 3.51148000 3.60559000 3.59231000 3.45096000 3.40844000 3.40536000 3.42253000 3.42240000 3.39230000 3.38724000 3.51514000 3.54040000 3.49126000 3.41778000 3.48481000 3.50026000 3.52506000 3.57011000 3.56034000 3.54942000 3.52238000 3.56916000 3.59326000 3.54355000 3.35089000 3.46697000 3.51264000 3.49667000 3.59249000 3.79712000 3.78715000 3.80423000 3.77625000 3.78199000 3.83652000 3.80440000 3.72287000 3.71010000
3.24592000 3.19971000 3.16312000 3.10304000 3.03110000 3.06523000 3.07199000 3.17786000 3.36604000 3.52502000 3.69289000 3.75602000 3.74283000 3.77452000 3.75956000 3.72363000 3.61066000 3.42120000 3.36649000 3.51721000 3.63106000 3.62016000 3.50401000 3.43275000 3.42332000 3.40800000 3.39461000 3.39389000 3.37027000 3.46813000 3.50913000 3.51421000 3.46150000 3.51274000 3.55369000 3.56658000 3.62690000 3.62131000 3.64211000 3.58882000 3.57473000 3.61618000 3.55431000 3.40541000 3.40258000 3.41422000 3.43638000 3.50874000 3.61367000 3.69460000 3.72746000 3.76055000 3.80396000 3.78826000 3.79519000 3.80943000 3.73916000
3.24431000 3.28481000 3.13768000 3.08567000 3.02246000 3.01527000 3.06500000 3.28494000 3.59914000 3.72313000 3.82843000 3.86096000 3.86764000 3.88789000 3.83565000 3.82088000 3.77087000 3.55626000 3.40129000 3.52286000 3.66614000 3.66571000 3.54921000 3.45210000 3.47357000 3.42476000 3.33454000 3.37407000 3.39064000 3.48222000 3.43745000 3.39107000 3.50044000 3.55334000 3.55122000 3.54779000 3.65544000 3.76620000 3.83844000 3.68868000 3.68138000 3.59779000 3.53714000 3.50944000 3.43674000 3.42072000 3.47721000 3.50761000 3.57908000 3.67295000 3.73443000 3.77218000 3.83181000 3.82070000 3.78058000 3.81101000 3.75257000
3.23978000 3.32364000 3.12001000 3.06712000 3.01397000 2.98320000 2.98591000 3.28650000 3.74657000 27.6763800 46.7235700 46.0053100 3.92160000 3.91214000 3.87469000 3.89321000 3.80263000 3.65026000 3.43694000 3.53820000 3.70532000 3.69629000 3.62386000 3.51525000 3.47339000 3.54866000 3.44293000 3.41747000 3.50008000 3.51906000 3.58111000 3.50365000 3.54939000 3.59538000 3.54181000 3.46900000 3.58841000 3.67109000 3.65234000 3.53796000 3.49131000 3.46811000 3.44755000 3.52717000 3.49611000 3.48818000 3.53178000 3.56388000 3.61323000 3.68213000 3.73950000 3.81016000 3.81331000 3.77648000 3.72820000 3.78563000 3.72839000
3.23107000 3.33604000 3.14092000 3.05201000 2.99186000 2.93248000 2.97647000 3.15450000 4.03506000 72.0932600 80.0000000 70.3986300 4.65180000 3.94741000 3.91120000 3.90831000 3.84607000 3.70046000 3.50062000 3.54748000 3.71367000 3.73410000 3.70269000 3.60523000 3.42053000 3.57718000 3.53544000 3.55317000 3.63244000 3.68305000 3.72242000 3.63288000 3.58656000 3.44051000 3.33517000 3.36650000 3.40854000 3.43391000 3.44170000 3.48611000 3.49163000 3.49912000 3.43215000 3.52596000 3.55249000 3.59260000 3.62087000 3.63734000 3.65390000 3.67933000 3.73013000 3.76127000 3.78907000 3.74732000 3.68639000 3.73197000 3.68653000
3.22228000 3.31351000 3.15194000 3.01994000 2.96968000 2.90545000 2.97269000 3.05711000 3.43006000 35.0520800 80.0000000 80.0000000 13.4223900 3.97182000 3.94977000 3.92787000 3.87841000 3.75232000 3.55740000 3.56898000 3.72059000 3.77451000 3.75503000 3.70227000 3.51192000 3.53295000 3.52786000 3.59217000 3.61693000 3.72199000 3.75236000 3.64697000 3.57597000 3.42360000 3.29006000 3.30991000 3.32317000 3.39184000 3.45639000 3.46265000 3.45331000 3.46680000 3.47995000 3.52689000 3.60716000 3.68340000 3.69642000 3.69984000 3.68135000 3.72771000 3.76116000 3.77520000 3.76006000 3.71614000 3.70234000 3.68203000 3.65410000
3.22228000 3.27525000 3.15045000 3.02297000 2.96038000 2.86767000 2.91963000 2.98746000 3.28007000 20.7913500 80.0000000 80.0000000 28.7075300 3.97464000 3.98431000 3.93852000 3.88856000 3.79074000 3.60777000 3.59298000 3.72664000 3.78391000 3.79061000 3.77725000 3.66568000 3.63074000 3.57910000 3.63348000 3.67230000 3.67649000 3.69614000 3.59700000 3.48097000 3.43592000 3.38302000 3.31558000 3.32099000 3.32643000 3.40173000 3.42307000 3.37108000 3.40709000 3.50993000 3.57579000 3.63533000 3.71592000 3.70360000 3.67512000 3.65314000 3.74085000 3.74987000 3.75745000 3.72925000 3.71602000 3.71009000 3.67128000 3.64028000
