test_data/TRITON_SWMM_test_model/dem/elevation.dem
ncols         551
nrows         537
xllcorner     3696703.8335999995
yllcorner     1059876.9668000012
cellsize      3.5
NODATA_value  -9999
[rows 300 to 324 of 537, columns 285 to 341 of 551]
2.94270000 2.60615000 2.44293000 2.50051000 2.52103000 2.39277000 2.46941000 2.51231000 2.53039000 2.53041000 2.55104000 2.61919000 2.68142000 2.73497000 2.75332000 2.74429000 2.75656000 2.74031000 2.79708000 2.82442000 2.85873000 2.96807000 2.98030000 2.96594000 2.99364000 3.07530000 3.00547000 3.11002000 3.34138000 3.33719000 3.36519000 3.34322000 3.17379000 3.13300000 3.35521000 3.24499000 3.14919000 3.28059000 3.18311000 3.08636000 3.26641000 3.30034000 3.28733000 3.29254000 3.17025000 2.96740000 3.14404000 3.16252000 3.13798000 3.05972000 2.97027000 2.81303000 2.92756000 3.04070000 3.00912000 2.98670000 2.90502000
3.17014000 2.69761000 2.56529000 2.59452000 2.57878000 2.48004000 2.48994000 2.51690000 2.52471000 2.56246000 2.59159000 2.61147000 2.59194000 2.64510000 2.72376000 2.79168000 2.81934000 2.81005000 2.81814000 2.81195000 2.82872000 2.88084000 2.89557000 2.96924000 3.01706000 3.01032000 3.00979000 3.03108000 3.13241000 3.27737000 3.32117000 3.36121000 3.10122000 3.24425000 3.36773000 3.33060000 3.22833000 3.22955000 3.11357000 3.15100000 3.31636000 3.25617000 3.31707000 3.31391000 3.10854000 3.00551000 3.17856000 3.14896000 3.19582000 3.11793000 3.01721000 2.83701000 2.98774000 3.03711000 3.05528000 3.02007000 2.82848000
3.31132000 2.75680000 2.68547000 2.83490000 2.91148000 2.83333000 2.71333000 2.58930000 2.52539000 2.52994000 2.59115000 2.65948000 2.66510000 2.70776000 2.68960000 2.69627000 2.74271000 2.82243000 2.86745000 2.89077000 2.88783000 2.88101000 2.87318000 2.90702000 2.95027000 2.99151000 3.08389000 3.08526000 3.05544000 3.07751000 3.12692000 3.15664000 3.05792000 3.24021000 3.39459000 3.36134000 3.32219000 3.22122000 3.11610000 3.24090000 3.37004000 3.34459000 3.32620000 3.25173000 3.04173000 3.05282000 3.13314000 3.15190000 3.25174000 3.23249000 2.93633000 2.90513000 3.06676000 3.07694000 3.06648000 3.04746000 2.84861000
3.24905000 2.84545000 2.80677000 3.02383000 3.07149000 2.99661000 2.98491000 2.88135000 2.58284000 2.56782000 2.58450000 2.64091000 2.67938000 2.74914000 2.77759000 2.81117000 2.80083000 2.77939000 2.78977000 2.84824000 2.90723000 2.93984000 2.95408000 2.95176000 2.92438000 2.94468000 2.99757000 3.00222000 3.07378000 3.11110000 3.12388000 3.10136000 3.10257000 3.15519000 3.24831000 3.40151000 3.46008000 3.23492000 3.17295000 3.31979000 3.37934000 3.38532000 3.30909000 3.15949000 3.02170000 3.10758000 3.16405000 3.19212000 3.18593000 3.12101000 2.88905000 2.94611000 3.02464000 3.03655000 3.05551000 3.03922000 2.80962000
3.29601000 2.99458000 2.97451000 3.22952000 3.20857000 3.11095000 3.07688000 2.88005000 2.63021000 2.68033000 2.65178000 2.84952000 2.80393000 2.73799000 2.75919000 2.79781000 2.82210000 2.86826000 2.88420000 2.86404000 2.84806000 2.86927000 2.93445000 2.96128000 2.98675000 2.98618000 2.98098000 2.95508000 2.98230000 3.06252000 3.09655000 3.15280000 3.20234000 3.15664000 3.18074000 3.22064000 3.35856000 3.21563000 3.27819000 3.42254000 3.42229000 3.41519000 3.32861000 3.08824000 3.09218000 3.15936000 3.14049000 3.17611000 3.19169000 3.01519000 2.87077000 2.97701000 3.05210000 3.05576000 3.03706000 2.94493000 2.75140000
3.31840000 3.09045000 3.21841000 3.38830000 3.27255000 3.21032000 3.18020000 2.89021000 2.73176000 2.92746000 2.76235000 2.81227000 3.04337000 2.90045000 2.82537000 2.83998000 2.79375000 2.82730000 2.88215000 2.91063000 2.93088000 2.95345000 2.89352000 2.89715000 2.94392000 2.99876000 3.02064000 3.05091000 3.05013000 3.04236000 3.01846000 3.06296000 3.07844000 3.08659000 3.20306000 3.20386000 3.20210000 3.17910000 3.23179000 3.32264000 3.37418000 3.40112000 3.33841000 3.07539000 3.18811000 3.22284000 3.20277000 3.16910000 3.13864000 2.89439000 2.90264000 3.02636000 3.03549000 3.08507000 2.99874000 2.83412000 2.78675000
3.32740000 3.22567000 3.48214000 3.51759000 3.33986000 3.22419000 3.14804000 2.87933000 2.85870000 3.06785000 3.00131000 2.75707000 2.89041000 2.90331000 2.92008000 3.22129000 3.15872000 3.01944000 2.92749000 2.90743000 2.97725000 2.97620000 2.95652000 2.99772000 2.95241000 2.97040000 2.95180000 3.01033000 3.06211000 3.08046000 3.08334000 3.06030000 3.02824000 3.04668000 3.08102000 3.09861000 3.14733000 3.20136000 3.15599000 3.16169000 3.17943000 3.23228000 3.19224000 3.08123000 3.18136000 3.19870000 3.20278000 3.20786000 3.07472000 2.88108000 3.02889000 3.08290000 3.06782000 3.10535000 3.01363000 2.79074000 2.84326000
3.38538000 3.37160000 3.61231000 3.55800000 3.41911000 3.28896000 3.14209000 2.88218000 2.94997000 3.11470000 3.05198000 2.91069000 2.74378000 2.79657000 3.02748000 3.29291000 3.30253000 3.34767000 3.30294000 2.96560000 3.03280000 3.02544000 3.00169000 3.03452000 3.02388000 3.04294000 3.03785000 3.01054000 3.01356000 3.02690000 3.08813000 3.11959000 3.10851000 3.08751000 3.04614000 3.02105000 3.02511000 3.03994000 3.04617000 3.10930000 3.14290000 3.11968000 3.10358000 3.08942000 3.09546000 3.12587000 3.18334000 3.17035000 2.98789000 2.92788000 3.07167000 3.07482000 3.08301000 3.06216000 2.91179000 2.75126000 2.90993000
3.44235000 3.46832000 3.62215000 3.57561000 3.49595000 3.34887000 3.22764000 2.89629000 2.99756000 3.09412000 3.08407000 3.08841000 2.78587000 2.77157000 3.10013000 3.32349000 3.37691000 3.38555000 3.32242000 2.99276000 3.30598000 3.42167000 3.21893000 3.00580000 2.96276000 3.05226000 3.04538000 3.08615000 3.08752000 3.08519000 3.06512000 3.05592000 3.07199000 3.09018000 3.08588000 3.07399000 3.02498000 2.98034000 2.97355000 2.96136000 2.98302000 3.04214000 3.07107000 3.07045000 3.07179000 3.02940000 3.01530000 3.02087000 2.91890000 3.00899000 3.10402000 3.11875000 3.12635000 3.00567000 2.82412000 2.80260000 2.90958000
3.52423000 3.50833000 3.58736000 3.54930000 3.53960000 3.48427000 3.29143000 2.96646000 3.00892000 3.05621000 3.04917000 3.03448000 2.85731000 2.82382000 2.98794000 3.32286000 3.33705000 3.36384000 3.23497000 3.00035000 3.22142000 3.31297000 3.22944000 3.08064000 2.97242000 3.00123000 3.02471000 3.05798000 3.07173000 3.12812000 3.13436000 3.10627000 3.10940000 3.04922000 3.01543000 3.04111000 3.05885000 3.06507000 3.02608000 2.97427000 2.93795000 2.91329000 2.91990000 2.95308000 2.97122000 2.97276000 2.99189000 2.97247000 2.92400000 2.98610000 3.02538000 3.07734000 3.07175000 2.94864000 2.81245000 2.88273000 2.95482000
3.51090000 3.47596000 3.41981000 3.39563000 3.35004000 3.34003000 3.19650000 3.05083000 3.01687000 3.04556000 3.05816000 2.99698000 2.84798000 2.85176000 2.89614000 3.13619000 3.20874000 3.27756000 3.15852000 3.01739000 3.24226000 3.25900000 3.18477000 3.17889000 3.09530000 3.09127000 3.30796000 3.21248000 3.11653000 3.06017000 3.06274000 3.09409000 3.14102000 3.13246000 3.12168000 3.05193000 2.98516000 2.96323000 2.97750000 2.97694000 2.96946000 2.93465000 2.87405000 2.84382000 2.83618000 2.83848000 2.87232000 2.92744000 2.94567000 2.89651000 2.88437000 2.91068000 2.92947000 2.84854000 2.81508000 2.92781000 2.92674000
3.49680000 3.60484000 3.64814000 3.58980000 3.51116000 3.38187000 3.18754000 3.11432000 3.00230000 2.93355000 2.95724000 2.94497000 2.86919000 2.86332000 2.93539000 2.95134000 3.13160000 3.20519000 3.03543000 3.06605000 3.23856000 3.23826000 3.23919000 3.22079000 3.13007000 3.15480000 3.37422000 3.35013000 3.33425000 3.31951000 3.11230000 3.06446000 3.07422000 3.08770000 3.10249000 3.07938000 3.05605000 3.01202000 2.95818000 2.88820000 2.90271000 2.91069000 2.91163000 2.89434000 2.85739000 2.82852000 2.77409000 2.76656000 2.78656000 2.83419000 2.83232000 2.85504000 2.82510000 2.83107000 2.83820000 2.90225000 2.87364000
3.48162000 3.73741000 3.80348000 3.78633000 3.64948000 3.62007000 3.31106000 3.35657000 3.37929000 3.21197000 3.07726000 2.98596000 2.88218000 2.86842000 2.88355000 2.87472000 2.93006000 3.05087000 2.98656000 3.11312000 3.27917000 3.26067000 3.21037000 3.23913000 3.18514000 3.23980000 3.35899000 3.36637000 3.46206000 3.37829000 3.18625000 3.24838000 3.27825000 3.17754000 3.09105000 3.09143000 3.10744000 3.12317000 3.08427000 2.94870000 2.91081000 2.85394000 2.83293000 2.84575000 2.87245000 2.86594000 2.81065000 2.78141000 2.72659000 2.70564000 2.72079000 2.77500000 2.77055000 2.79518000 2.80772000 2.75744000 2.74407000
3.49138000 3.85456000 3.83353000 3.77715000 3.74313000 3.74834000 3.42206000 3.52058000 3.52464000 3.36570000 3.30213000 3.24285000 2.97111000 3.08581000 3.07415000 2.93574000 2.84418000 2.90362000 2.94885000 2.98581000 3.06978000 3.10067000 3.15115000 3.18539000 3.12876000 3.28883000 3.32119000 3.35635000 3.40663000 3.30651000 3.21094000 3.32879000 3.34680000 3.36087000 3.32591000 3.14646000 3.10070000 3.11501000 3.12167000 3.04360000 2.99277000 2.93296000 2.86022000 2.84266000 2.81815000 2.80902000 2.79752000 2.79893000 2.76265000 2.74496000 2.69924000 2.66725000 2.65634000 2.70772000 2.69863000 2.70301000 2.71736000
3.54281000 3.83238000 3.84830000 3.74446000 3.74130000 3.70954000 3.47123000 3.69983000 3.63444000 3.44162000 3.42363000 3.28434000 3.00505000 3.13214000 3.15256000 3.12772000 2.97077000 2.88876000 2.92974000 3.13411000 3.11718000 3.09770000 3.09982000 3.03752000 3.00782000 3.12148000 3.20606000 3.27478000 3.33106000 3.25401000 3.22656000 3.37363000 3.36981000 3.39102000 3.36760000 3.24564000 3.13986000 3.28672000 3.17876000 3.07251000 2.98625000 2.95879000 2.91461000 2.93158000 2.88347000 2.86029000 2.80063000 2.74229000 2.74283000 2.76133000 2.74378000 2.72557000 2.67457000 2.60653000 2.60040000 2.62648000 2.62601000
3.59569000 3.79659000 3.79814000 3.72722000 3.69726000 3.62463000 3.54549000 3.72597000 3.68431000 3.55502000 3.44534000 3.18810000 3.06936000 3.21753000 3.17449000 3.17955000 3.17651000 2.95539000 2.93271000 3.28895000 3.34756000 3.40159000 3.41948000 3.11986000 2.99770000 3.12853000 3.17659000 3.18910000 3.19322000 3.18850000 3.18593000 3.30462000 3.35610000 3.37118000 3.35550000 3.21060000 3.18498000 3.37629000 3.31464000 3.22324000 3.09338000 2.96410000 2.98764000 2.96747000 2.96364000 2.91040000 2.89050000 2.82979000 2.75703000 2.71954000 2.68732000 2.70101000 2.68528000 2.67393000 2.64898000 2.58376000 2.53174000
3.63971000 3.76665000 3.75835000 3.74118000 3.73196000 3.55605000 3.56785000 3.72002000 3.70467000 3.69284000 3.56801000 3.21276000 3.17029000 3.32226000 3.26365000 3.23586000 3.23316000 2.96276000 2.87890000 3.05022000 3.31166000 3.42732000 3.47986000 3.15531000 3.07547000 3.24054000 3.37275000 3.47561000 3.37462000 3.16391000 3.20998000 3.22190000 3.23716000 3.20723000 3.19156000 3.16443000 3.20207000 3.30956000 3.29694000 3.25245000 3.20850000 3.01813000 3.15843000 3.17812000 3.03926000 2.97229000 2.94827000 2.90604000 2.81064000 2.75699000 2.74309000 2.67947000 2.64797000 2.62110000 2.60929000 2.60864000 2.59138000
3.66564000 3.71901000 3.72894000 3.72758000 3.68603000 3.51336000 3.57288000 3.70980000 3.73187000 3.75255000 3.66480000 3.30126000 3.30917000 3.39053000 3.32491000 3.27558000 3.18327000 2.94139000 2.88229000 2.92190000 3.12706000 3.40879000 3.39652000 3.09642000 3.18097000 3.31434000 3.42174000 3.53124000 3.47002000 3.16817000 3.30620000 3.36346000 3.35944000 3.37863000 3.28651000 3.18379000 3.21094000 3.17254000 3.14705000 3.13838000 3.12612000 3.09614000 3.20844000 3.30023000 3.23172000 3.12747000 3.06872000 2.89063000 2.82993000 2.84091000 2.84493000 2.76218000 2.73057000 2.64572000 2.59926000 2.54946000 2.55805000
3.71073000 3.70598000 3.74531000 3.77089000 3.68544000 3.50912000 3.64895000 3.71872000 3.71158000 3.76747000 3.74880000 3.39088000 3.45101000 3.43318000 3.36514000 3.39468000 3.26239000 3.01518000 3.22856000 3.13999000 2.95585000 3.23656000 3.27368000 3.05842000 3.21485000 3.30729000 3.44099000 3.54154000 3.41704000 3.20151000 3.41693000 3.39503000 3.46702000 3.49294000 3.40519000 3.20029000 3.46671000 3.42983000 3.34827000 3.31469000 3.15963000 3.11558000 3.04311000 3.04674000 3.04224000 3.05270000 3.02128000 2.91604000 2.87205000 2.82756000 2.86333000 2.86202000 2.85812000 2.87844000 2.79343000 2.65483000 2.57369000
3.76067000 3.73660000 3.75652000 3.77028000 3.67040000 3.52618000 3.74209000 3.77049000 3.71262000 3.75349000 3.70465000 3.45810000 3.62702000 3.55916000 3.48121000 3.39794000 3.20001000 3.05495000 3.35634000 3.36487000 3.05957000 3.01754000 3.12981000 3.00688000 3.21705000 3.30767000 3.49539000 3.56267000 3.36597000 3.23545000 3.60005000 3.53085000 3.52101000 3.51071000 3.36156000 3.22568000 3.46110000 3.42519000 3.47756000 3.48003000 3.27415000 3.09946000 3.01536000 3.02726000 3.02362000 3.03268000 3.09696000 3.02674000 2.97827000 2.95659000 2.91676000 2.88971000 2.85492000 3.10891000 3.11626000 3.00982000 2.81247000
3.77603000 3.76339000 3.73822000 3.76819000 3.65782000 3.56179000 3.74564000 3.72624000 3.72839000 3.71434000 3.60839000 3.45557000 3.54090000 3.62724000 3.60633000 3.48702000 3.17191000 3.11585000 3.38434000 3.37787000 3.35062000 3.01375000 2.97951000 3.01296000 3.17795000 3.30926000 3.53709000 3.58224000 3.31792000 3.32722000 3.67896000 3.65947000 3.58550000 3.56035000 3.30106000 3.27467000 3.44312000 3.41993000 3.43048000 3.44753000 3.21123000 3.07590000 3.08643000 3.10201000 3.12409000 3.04847000 3.08275000 3.06474000 3.01114000 3.00095000 3.00296000 2.91889000 2.90557000 3.19368000 3.14265000 3.07900000 2.96982000
3.78125000 3.69889000 3.75498000 3.78796000 3.62048000 3.61626000 3.77985000 3.73739000 3.70559000 3.72313000 3.58148000 3.59260000 3.67350000 3.67921000 3.68706000 3.58227000 3.25789000 3.29456000 3.44550000 3.36884000 3.40534000 3.26389000 2.99730000 3.09717000 3.23223000 3.27460000 3.45329000 3.50319000 3.24323000 3.42193000 3.65594000 3.60645000 3.57375000 3.52284000 3.27528000 3.33652000 3.45920000 3.45651000 3.46005000 3.47162000 3.17841000 3.08592000 3.13980000 3.15730000 3.14189000 3.07271000 3.04491000 3.12936000 3.10452000 3.09017000 3.10759000 2.95486000 3.00615000 3.28253000 3.14714000 3.04594000 2.91089000
3.80316000 3.72334000 3.73552000 3.71931000 3.54506000 3.65146000 3.82272000 3.77619000 3.76433000 3.71977000 3.52569000 3.78193000 3.81055000 3.75332000 3.74764000 3.65855000 3.33132000 3.44188000 3.52224000 3.44800000 3.37765000 3.38449000 3.03738000 3.04462000 3.25897000 3.22731000 3.22389000 3.25089000 3.16461000 3.48292000 3.63994000 3.61027000 3.54704000 3.45759000 3.25970000 3.48023000 3.55955000 3.50890000 3.55759000 3.46072000 3.12161000 3.19908000 3.23921000 3.28569000 3.31843000 3.04811000 3.05457000 3.10054000 3.11315000 3.12986000 3.12972000 2.97379000 3.12760000 3.25922000 3.19067000 3.14282000 3.07920000
3.70222000 3.68013000 3.66411000 3.62755000 3.49800000 3.68071000 3.79446000 3.76828000 3.78176000 3.70273000 3.49878000 3.82241000 3.86403000 3.80480000 3.76901000 3.67880000 3.39272000 3.54876000 3.56007000 3.45495000 3.38938000 3.24947000 3.04738000 2.98275000 3.09474000 3.26529000 3.21002000 3.14634000 3.09554000 3.49709000 3.64112000 3.62761000 3.63325000 3.47022000 3.26737000 3.41541000 3.51596000 3.52865000 3.54241000 3.39836000 3.13228000 3.25030000 3.34237000 3.28601000 3.22285000 3.09431000 3.05434000 3.10815000 3.12028000 3.13218000 3.11671000 2.97735000 3.20661000 3.28062000 3.25097000 3.22387000 3.17332000
3.70322000 3.67954000 3.67793000 3.58660000 3.51609000 3.73296000 3.78366000 3.76749000 3.75084000 3.62160000 3.49161000 3.72393000 3.74627000 3.76298000 3.76173000 3.70262000 3.46932000 3.67997000 3.66010000 3.47835000 3.42124000 3.21145000 3.03079000 2.97932000 2.98718000 3.08975000 3.12311000 3.07640000 3.07255000 3.49962000 3.63189000 3.61653000 3.57944000 3.38123000 3.27272000 3.44672000 3.55792000 3.49881000 3.50384000 3.30454000 3.16581000 3.28285000 3.32741000 3.29263000 3.29861000 3.16953000 3.08780000 3.12427000 3.17723000 3.14578000 3.10285000 3.01768000 3.31086000 3.29969000 3.28275000 3.29430000 3.24124000
